1000 625387877665638425
1010 625387877665671693
1020 625387877665694764
1030 625387877665716578
1040 625387877665738549
1050 625387877665761011
1060 625387877665783846
1070 625387877665807101
1080 625387877665830845
1090 625387877665854964
1100 625387877665879573
1110 625387877665904630
1120 625387877665930293
1130 625387877665956296
1140 625387877665982771
1150 625387877666009681
1160 625387877666037131
1170 625387877666065156
1180 625387877666093545
1190 625387877666122383
1200 625387877666151729
1210 625387877666181505
1220 625387877666211820
1230 625387877666242578
1240 625387877666273906
1250 625387877666305644
1260 625387877666337946
1270 625387877666370798
1280 625387877666404161
1290 625387877666438029
1300 625387877666472484
1310 625387877666507421
1320 625387877666542870
1330 625387877666578864
1340 625387877666615682
1350 625387877666652801
1360 625387877666690499
1370 625387877666728780
1380 625387877666767603
1390 625387877666806982
1400 625387877666846944
1410 625387877666887463
1420 625387877666928610
1430 625387877666970299
1440 625387877667012608
1450 625387877667055552
1460 625387877667098998
1470 625387877667143032
1480 625387877667187701
1490 625387877667232977
1500 625387877667278796
1510 625387877667325195
1520 625387877667372166
1530 625387877667419760
1540 625387877667468049
1550 625387877667516985
1560 625387877667566475
1570 625387877667616639
1580 625387877667667444
1590 625387877667718930
1600 625387877667771012
1610 625387877667823717
1620 625387877667877115
1630 625387877667931136
1640 625387877667986055
1650 625387877668041634
1660 625387877668097857
1670 625387877668154755
1680 625387877668212431
1690 625387877668270692
1700 625387877668329636
1710 625387877668389267
1720 625387877668449711
1730 625387877668510795
1740 625387877668572535
1750 625387877668635045
1760 625387877668698101
1770 625387877668761910
1780 625387877668826412
1790 625387877668891676
1800 625387877668957643
1810 625387877669024376
1820 625387877669091794
1830 625387877669160033
1840 625387877669228973
1850 625387877669298719
1860 625387877669369164
1870 625387877669440388
1880 625387877669512356
1890 625387877669585122
1900 625387877669658688
1910 625387877669732983
1920 625387877669808055
1930 625387877669883891
1940 625387877669960492
1950 625387877670037963
1960 625387877670116330
1970 625387877670195341
1980 625387877670275193
1990 625387877670355856
2000 625387877670437342
2010 625387877670519593
2020 625387877670602644
2030 625387877670686557
2040 625387877670771322
2050 625387877670856898
2060 625387877670943357
2070 625387877671030726
2080 625387877671118862
2090 625387877671207801
2100 625387877671297622
2110 625387877671388304
2120 625387877671479873
2130 625387877671572293
2140 625387877671665587
2150 625387877671759796
2160 625387877671854862
2170 625387877671951243
2180 625387877672048957
2190 625387877672147454
2200 625387877672246176
2210 625387877672345835
2220 625387877672447137
2230 625387877672551154
2240 625387877672654518
2250 625387877672758920
2260 625387877672864549
2270 625387877672970563
2280 625387877673077579
2290 625387877673185300
2300 625387877673294397
2310 625387877673403159
2320 625387877673513662
2330 625387877673625213
2340 625387877673737743
2350 625387877673851418
2360 625387877673966203
2370 625387877674081657
2380 625387877674198239
2390 625387877674315663
2400 625387877674434205
2410 625387877674553678
2420 625387877674673956
2430 625387877674795464
2440 625387877674918107
2450 625387877675041651
2460 625387877675165947
2470 625387877675291703
2480 625387877675417860
2490 625387877675545308
2500 625387877675673643
2510 625387877675803202
2520 625387877675933584
2530 625387877676064811
2540 625387877676196283
2550 625387877676328783
2560 625387877676462317
2570 625387877676596921
2580 625387877676732541
2590 625387877676869423
2600 625387877677007225
2610 625387877677146054
2620 625387877677285919
2630 625387877677426871
2640 625387877677568873
2650 625387877677712012
2660 625387877677856165
2670 625387877678001473
2680 625387877678147873
2690 625387877678295369
2700 625387877678443909
2710 625387877678593707
2720 625387877678744470
2730 625387877678896352
2740 625387877679049415
2750 625387877679203577
2760 625387877679358859
2770 625387877679515221
2780 625387877679672736
2790 625387877679831359
2800 625387877679991183
2810 625387877680152276
2820 625387877680314382
2830 625387877680477532
2840 625387877680641947
2850 625387877680807455
2860 625387877680974179
2870 625387877681142072
2880 625387877681311118
2890 625387877681481365
2900 625387877681652769
2910 625387877681825354
2920 625387877681999162
2930 625387877682174061
2940 625387877682350194
2950 625387877682527564
2960 625387877682706143
2970 625387877682885876
2980 625387877683066942
2990 625387877683249177
3000 625387877683432602
3010 625387877683617252
3020 625387877683803191
3030 625387877683990302
3040 625387877684178664
3050 625387877684368296
3060 625387877684559052
3070 625387877684751134
3080 625387877684944841
3090 625387877685139862
3100 625387877685336144
3110 625387877685533913
3120 625387877685732856
3130 625387877685932911
3140 625387877686133840
3150 625387877686336465
3160 625387877686540392
3170 625387877686745367
3180 625387877686951618
3190 625387877687159283
3200 625387877687368024
3210 625387877687577990
3220 625387877687789365
3230 625387877688002153
3240 625387877688216143
3250 625387877688431483
3260 625387877688648170
3270 625387877688866157
3280 625387877689085572
3290 625387877689306253
3300 625387877689528193
3310 625387877689751490
3320 625387877689976168
3330 625387877690202198
3340 625387877690430133
3350 625387877690658832
3360 625387877690888957
3370 625387877691120514
3380 625387877691353421
3390 625387877691587660
3400 625387877691823332
3410 625387877692060478
3420 625387877692298880
3430 625387877692538730
3440 625387877692779897
3450 625387877693029896
3460 625387877693273935
3470 625387877693519345
3480 625387877693766219
3490 625387877694014605
3500 625387877694264376
3510 625387877694515442
3520 625387877694767996
3530 625387877695022017
3540 625387877695277645
3550 625387877695534556
3560 625387877695795461
3570 625387877696057918
3580 625387877696319931
3590 625387877696585631
3600 625387877696868928
3610 625387877697137805
3620 625387877697407897
3630 625387877697677737
3640 625387877697950160
3650 625387877698223873
3660 625387877698499311
3670 625387877698776305
3680 625387877699074001
3690 625387877699353173
3700 625387877699635152
3710 625387877699919905
3720 625387877700206558
3730 625387877700491742
3740 625387877700781214
3750 625387877701071910
3760 625387877701362817
3770 625387877701653771
3780 625387877701946459
3790 625387877702242335
3800 625387877702538090
3810 625387877702834049
3820 625387877703131655
3830 625387877703431751
3840 625387877703733784
3850 625387877704037064
3860 625387877704341529
3870 625387877704646879
3880 625387877704954425
3890 625387877705266251
3900 625387877705578149
3910 625387877705891444
3920 625387877706208439
3930 625387877706526111
3940 625387877706845469
3950 625387877707188125
3960 625387877707511110
3970 625387877707838107
3980 625387877708165540
3990 625387877708493092
4000 625387877708839613
